0.1701274
-1.6436798
0.096241184
0.14345088
1.0002576
-1.6029071
-0.70063557
-1.4514402
-0.55530906
-1.0006448
-0.49491543
-0.16487627
-0.36774763
-1.169223
-0.80774265
-0.45028711
-0.40117436
-1.8326536
-1.6564404
0.10123057
0.48951603
0.15508785
-0.3101099
0.10123057
0.48951603
0.15508785
-0.3101099
0.10123057
0.48951603
0.15508785
0.99969298
-1.3012411
-1.3072503
-2.0274607
-1.8923494
-1.3070473
0.99934865
-1.0890314
-0.76333166
-1.0003163
-2.5094164
-1.7616742
-1.2886328
-1.2249904
-1.2004906
-1.2689064
-1.7616742
-1.7118493
-1.2886328
-1.2249904
-1.2004906
-1.2689064
-0.63581244
-1.2660817
-0.30352972
0.89272498
-0.5756984
-0.53862858
-1.3483859
-1.5190798
-1.0364146
-0.95520273
-0.45144691
-0.6540385
-1.0153357
-0.15314575
-0.53960716
-0.033470544
-0.90422049
-1.7979651
0.11710002
-0.10741506
0.43422866
-1.8264603
-1.0002947
-2.0644804
-1.1180489
-1.0301137
-0.56204646
-1.3259259
-0.6951376
-1.4058673
-0.91671487
-1.412857
-1.5687579
-1.0002783
-1.2052421
-1.2928886
-0.032964182
0.17630746
-1.5632662
-1.6227752
-1.3702992
-1.1239565
-0.28641403
0.90398875
-1.7785446
-1.7473294
-1.3882995
-1.7120785
-1.4397087
-0.17610471
-0.34137661
-0.5996075
-0.259612
-0.19880077
-1.2113802
-1.3086893
-0.50100549
-0.3901352
-0.16099392
0.40784039
-0.24939663
-0.51283605
0.093532018
0.6054888
0.53608378
0.9125068
0.48866366
-0.03790706
-0.28789806
-1.6805428
-1.7909733
-0.95332636
-1.0001547
-0.46875481
-0.58082803
-0.60967581
-0.078535176
-0.78079842
0.22169584
0.66901915
0.48473248
0.68264495
-1.0924442
-1.2516859
1.3828382
0.074473177
-1.3390157
-1.447303
-1.1094119
-1.0004558
-1.1533677
-0.99975335
-1.4823517
-0.99935349
0.13021443
-0.99934479
-0.99955298
-0.44707409
-0.77325001
-0.99953801
-0.33202436
-0.15917813
0.64757216
0.30876541
-0.25257396
-0.39923508
0.25469293
-1.1179918
-0.33370205
0.99939822
-0.35594207
-0.60001733
0.4940918
-1.582898
-0.9481285
0.99959683
1.4816672
1.4816672
-0.90555908
0.43329022
-0.39547106
-1.5360344
-0.99953801
-0.99996283
-1.5360344
-0.99953801
-0.99996283
0.72548795
0.95005574
0.9571931
0.95314704
0.56307309
0.7466528
0.74719296
0.94733317
0.5759421
0.69851519
0.71100577
0.47418736
1.0794935
0.99953743
0.99983455
0.47418736
1.0003807
0.99928123
0.9995748
1.0007434
0.99985367
2.347627
1.389545
1.1570237
1.5972315
1.6848496
1.8901477
1.6561518
-0.32787917
-0.22563315
-0.47453063
-0.5155694
-0.57542989
-0.6140756
-0.68150428
0.87909908
0.4379363
0.91171916
0.66894458
0.802341
-0.19130841
-0.28709038
-0.16331256
-0.27832964
-1.2710506
-1.2103738
-1.3396846
0.09222278
-0.26197082
1.0000002
0.99965784
1.9798792
0.9994366
2.2204012
0.99965784
0.99965784
0.99965784
0.99965784
-0.035980217
-0.035980217
-1.4940386
-1.4940386
-1.4940386
0.092554164
0.092554164
0.048575335
0.53103361
0.74079941
1.2804168
-0.82850994
0.59913608
0.27778283
-1.6274414
-1.8342132
-0.72187607
-1.4775056
-0.055694973
0.92067966
-1.3660263
0.4379363
-0.079469542
-0.20846075
-0.20846075
0.028555361
0.028555361
0.99938608
0.78729935
1.4971191
1.0004018
0.78729935
-0.99952646
-1.559893
-0.99993579
-0.99940465
-0.9996694
-1.997874
-1.3637909
-1.0006876
-0.9998435
-1.0003063
-1.3368968
-1.2649926
-1.3228264
-1.525381
1.3096302
-2.2023274
-0.74351828
-1.282396
-1.409052
-0.98981166
-0.99965288
1.0002613
0.81177074
0.89652769
0.81177074
0.89652769
0.99937539
0.99976292
-0.999622
-2.2023274
-1.4232603
-0.0019024089
-0.999622
-2.2023274
-1.4232603
-0.0019024089
-1.0554396
0.055131639
0.28739332
-0.18410802
-0.65312586
-1.917041
-0.88164952
-1.0127225
-0.9799439
-0.64433621
-0.27712994
-0.57818737
-0.44095946
-0.99965299
-1.282396
1.0242521
0.38360148
-0.99965288
0.34144623
-0.74351828
0.57979874
-0.3017507
-1.282396
0.21769005
0.015602275
-1.227117
-0.84825377
-1.0200338
-1.227117
-0.84825377
-1.0200338
0.24088872
-0.89849341
-1.5711594
-1.1232885
0.42739801
0.53058415
-0.19808217
-0.62954223
-1.0019002
-0.9508421
-0.45261044
-0.60967581
-0.76803575
-0.11452517
-0.76803575
-0.11452517
-0.70454628
-0.70454628
-0.70454628
-0.70454628
-0.20660205
-0.85797925
-0.83119162
-0.20660205
-0.85797925
-0.83119162
-0.98981166
-1.1689581
-0.3331793