9
9
9
9
9
9
9
26
26
26
26
26
26
26
26
26
26
26
26
17
17
17
17
17
17
17
17
17
17
17
17
17
17
17
17
17
17
17
17
17
17
17
17
17
17
17
17
17
17
17
17
17
17
17
17
17
17
17
17
17
17
17
17
17
17
17
17
17
17
17
17
17
17
17
17
17
17
17
12
17
17
17
17
17
17
17
17
17
17
17
17
17
17
17
17
17
17
17
17
7
7
15
15
15
17
17
17
17
17
17
17
17
17
17
17
17
26
26
26
26
26
26
26
26
26
26
26
26
26
26
26
26
26
26
26
26
26
26
26
26
26
26
26
26
36
36
17
17
17
17
17
17
17
17
17
17
17
17
17
17
17
17
17
17
17
17
17
17
17
17
17
17
17
17
17
33
33
33
33
33
31
31
31
31
31
31
31
31
31
31
31
31
31
31
31
31
31
31
31
31
31
31
31
31
31
31
31
31
31
31
31
31
31
31
31
31
31
31
31
31
31
31
31
31
31
31
31
31
31
31
31
31
31
31
31
31
31
31
31
31
31
31
31
31
31
31
31
31
31
31
31
31
31
31
31
31
31
31
31
31
17
17
17
17
17
17
17
17
17
17
17
17
10
10
10
10
10
10
10
10
17
17
17
17
17
17
17
17
20
20
20
20
20
20
20
20
20
20
20
20
20
20
20
20
20
20
20
20
20
20
20
20
20
20
20
20
20
20
20
20
20
20
20
20
20
17
17
27
27
27
7
7
7
7
7
7
7
7
11
11
11
11
11
11
11
11
11
11
11
11
11
11
11
11
11
11
11
11
11
11
11
11
11
11
14
14
14
14
29
29
29
10
10
17
17
17
17
17
17
17
4
4
4
4
4
26
26
26
26
26
26
26
26
26
26
26
26
26
26
26
26
26
26
26
26
26
26
26
26
26
26
26
26
26
26
26
26
26
26
26
26
26
26
26
26
26
26
26
26
26
26
26
26
26
26
26
26
3
3
17
17
17
17
17
17
17
17
17
7
7
7
17
0
0
0
0
0
0
25
25
25
25
25
25
25
25
25
25
25
25
25
25
25
25
25
25
25
25
25
25
25
25
25
25
25
20
20
20
10
10
10
10
10
10
28
28
28
28
28
28
28
28
28
27
37
37
37
24
24
24
24
2
2
2
2
35
35
35
35
35
19
19
19
19
19
19
19
19
19
5
24
24
24
13
13
13
13
13
13
31
31
20
20
20
20
20
20
10
10
10
10
10
12
12
12
12
12
12
12
12
12
12
12
12
12
12
12
6
6
6
6
6
6
6
6
6
6
6
6
6
6
33
33
6
6
17
17
17
17
17
17
17
17
17
17
17
17
34
34
23
11
11
11
11
11
11
12
30
30
30
30
30
30
30
30
30
30
30
30
30
30
30
30
30
30
8
8
8
8
8
8
8
8
8
8
2
2
2
11
11
11
11
11
11
11
11
11
11
11
11
8
8
8
8
8
8
8
8
8
8
8
8
8
8
8
8
8
8
8
8
8
8
8
8
8
8
8
8
8
8
8
8
8
8
8
8
8
8
8
8
8
8
8
6
6
6
6
6
6
6
6
6
6
34
34
34
34
34
34
34
34
34
34
34
34
34
34
34
34
34
34
34
10
10
10
10
10
10
10
10
10
10
10
10
10
10
10
10
10
10
10
10
10
10
10
33
6
6
6
6
6
6
6
6
6
6
6
6
6
6
6
6
6
6
6
6
6
6
6
6
6
6
6
6
8
8
8
8
8
10
10
10
10
10
10
10
10
10
10
10
10
10
10
10
8
8
8
8
8
8
8
8
8
8
8
8
8
8
8
8
8
8
8
8
8
8
8
8
8
8
8
8
8
8
8
8
8
8
8
8
8
8
8
8
8
8
8
8
8
8
8
8
8
8
8
8
8
8
8
8
8
8
8
8
12
12
12
12
12
12
12
12
12
12
12
12
12
12
12
32
32
32
32
32
32
32
32
32
32
32
36
6
6
6
6
6
6
6
6
6
6
6
6
6
6
6
6
6
6
6
6
6
6
6
6
6
6
6
6
6
6
6
6
6
6
6
6
6
6
6
6
6
6
6
6
6
6
6
6
6
6
6
6
6
6
6
6
6
6
6
6
6
6
6
6
6
6
6
6
6
6
6
6
6
6
6
6
6
6
6
6
6
6
6
6
6
6
6
6
6
6
6
6
6
6
6
6
6
6
6
6
6
6
6
6
6
6
6
6
6
6
6
6
6
6
6
6
6
6
6
6
6
6
6
6
6
6
6
6
6
6
6
6
6
6
6
6
6
6
6
6
6
6
6
6
6
6
6
6
6
6
6
6
6
6
6
6
6
6
6
6
6
6
6
6
6
6
6
6
6
6
6
6
6
6
6
6
6
6
6
6
6
6
6
6
6
6
6
6
6
6
6
6
6
6
6
6
6
6
6
6
6
6
6
6
6
6
6
6
6
6
6
6
6
6
6
6
6
6
6
6
6
6
6
6
6
6
6
6
6
6
6
6
6
6
6
6
6
6
6
6
6
6
6
6
6
6
6
6
6
6
6
6
6
6
6
6
6
6
6
6
6
6
6
6
6
6
6
6
6
6
6
6
6
6
6
6
6
6
6
6
6
6
6
6
6
6
6
6
6
6
6
6
6
6
6
6
6
6
6
6
6
6
6
6
6
12
12
12
12
12
12
12
12
12
12
12
12
12
12
12
12
12
12
12
12
12
12
12
12
12
12
12
12
12
12
12
12
12
12
12
12
12
31
31
31
31
31
31
31
31
31
31
31
31
12
12
12
12
12
13
13
13
13
6
6
6
6
6
6
6
6
6
6
20
20
20
20
20
20
20
20
20
20
20
20
20
20
18
18
18
18
18
18
18
18
18
18
18
18
18
18
17
17
17
17
17
1
1
1
1
1
1
8
8
6
6
6
6
6
18
18
18
18
18
18
18
18
18
18
18
33
33
33
33
33
33
33
33
33
33
33
33
33
33
33
33
33
33
33
33
33
33
33
33
33
33
33
33
33
33
33
33
33
33
33
33
33
33
33
33
33
6
6
6
6
13
18
18
18
18
18
18
18
18
18
18
18
18
18
18
18
18
18
18
18
18
18
18
18
18
16
16
24
24
24
2
13
13
13
13
6
6
6
6
6
6
6
6
6
6
6
6
6
6
6
6
6
6
6
6
6
6
6
6
6
6
6
12
12
12
12
12
12
12
12
12
12
12
12
12
12
12
12
12
12
12
12
21
21
21
20
20
20
12
12
12
12
12
12
30
30
30
30
6
6
6
31
31
31
31
31
31
31
31
31
31
31
31
31
31
31
31
31
31
31
31
6
6
17
17
17
17
27
22
22
22
22
22
22
22
22
22
22
22
22
