10
10
10
10
10
10
10
28
28
28
28
28
28
28
28
28
28
28
28
19
19
19
19
19
19
19
19
19
19
19
19
19
19
19
19
19
19
19
19
19
19
19
19
19
19
19
19
19
19
19
19
19
19
19
19
19
19
19
19
19
19
19
19
19
19
19
19
19
19
19
19
19
19
19
19
19
19
19
13
19
19
19
19
19
19
19
19
19
19
19
19
19
19
19
19
19
19
19
19
8
8
17
17
17
19
19
19
19
19
19
19
19
19
19
19
19
28
28
28
28
28
28
28
28
28
28
28
28
28
28
28
28
28
28
28
28
28
28
28
28
28
28
28
28
39
39
19
19
19
19
19
19
19
19
19
19
19
19
19
19
19
19
19
19
19
19
19
19
19
19
19
19
19
19
19
36
36
36
36
36
34
34
34
34
34
34
34
34
34
34
34
34
34
34
34
34
34
34
34
34
34
34
34
34
34
34
34
34
34
34
34
34
34
34
34
34
34
34
34
34
34
34
34
34
34
34
34
34
34
34
34
34
34
34
34
34
34
34
34
34
34
34
34
34
34
34
34
34
34
34
34
34
34
34
34
34
34
34
34
34
19
19
19
19
19
19
19
19
19
19
19
19
11
11
11
11
11
11
11
11
19
19
19
19
19
19
19
19
22
22
22
22
22
22
22
22
22
22
22
22
22
22
22
22
22
22
22
22
22
22
22
22
22
22
22
22
22
22
22
22
22
22
22
22
22
19
19
29
29
29
8
8
8
8
8
8
8
8
12
12
12
12
12
12
12
12
12
12
12
12
12
12
12
12
12
12
12
12
12
12
12
12
12
12
16
16
16
16
31
31
31
11
11
19
19
19
19
19
19
19
5
5
5
5
5
28
28
28
28
28
28
28
28
28
28
28
28
28
28
28
28
28
28
28
28
28
28
28
28
28
28
28
28
28
28
28
28
28
28
28
28
28
28
28
28
28
28
28
28
28
28
28
28
28
28
28
28
4
4
19
19
19
19
19
19
19
19
19
8
8
8
19
0
0
0
0
0
0
27
27
27
27
27
27
27
27
27
27
27
27
27
27
27
27
27
27
27
27
27
27
27
27
27
27
27
22
22
22
11
11
11
11
11
11
30
30
30
30
30
30
30
30
30
29
40
40
40
26
26
26
26
2
2
2
2
38
38
38
38
38
21
21
21
21
21
21
21
21
21
6
26
26
26
15
15
15
15
15
15
34
34
22
22
22
22
22
22
11
11
11
11
11
14
14
14
14
14
14
13
13
13
13
13
13
13
13
13
7
7
7
7
7
7
7
7
7
7
7
7
7
7
36
36
7
7
19
19
19
19
19
19
19
19
19
19
19
19
37
37
25
12
12
12
12
12
12
13
33
33
33
33
33
33
33
33
33
33
33
33
33
33
32
32
32
33
9
9
9
9
9
9
9
9
9
9
3
3
3
12
12
12
12
12
12
12
12
12
12
12
12
9
9
9
9
9
9
9
9
9
9
9
9
9
9
9
9
9
9
9
9
9
9
9
9
9
9
9
9
9
9
9
9
9
9
9
9
9
9
9
9
9
9
9
7
7
7
7
7
7
7
7
7
7
37
37
37
37
37
37
37
37
37
37
37
37
37
37
37
37
37
37
37
11
11
11
11
11
11
11
11
11
11
11
11
11
11
11
11
11
11
11
11
11
11
11
36
7
7
7
7
7
7
7
7
7
7
7
7
7
7
7
7
7
7
7
7
7
7
7
7
7
7
7
7
9
9
9
9
9
11
11
11
11
11
11
11
11
11
11
11
11
11
11
11
9
9
9
9
9
9
9
9
9
9
9
9
9
9
9
9
9
9
9
9
9
9
9
9
9
9
9
9
9
9
9
9
9
9
9
9
9
9
9
9
9
9
9
9
9
9
9
9
9
9
9
9
9
9
9
9
9
9
9
9
13
13
13
13
13
13
13
13
13
13
13
13
13
13
13
35
35
35
35
35
35
35
35
35
35
35
39
7
7
7
7
7
7
7
7
7
7
7
7
7
7
7
7
7
7
7
7
7
7
7
7
7
7
7
7
7
7
7
7
7
7
7
7
7
7
7
7
7
7
7
7
7
7
7
7
7
7
7
7
7
7
7
7
7
7
7
7
7
7
7
7
7
7
7
7
7
7
7
7
7
7
7
7
7
7
7
7
7
7
7
7
7
7
7
7
7
7
7
7
7
7
7
7
7
7
7
7
7
7
7
7
7
7
7
7
7
7
7
7
7
7
7
7
7
7
7
7
7
7
7
7
7
7
7
7
7
7
7
7
7
7
7
7
7
7
7
7
7
7
7
7
7
7
7
7
7
7
7
7
7
7
7
7
7
7
7
7
7
7
7
7
7
7
7
7
7
7
7
7
7
7
7
7
7
7
7
7
7
7
7
7
7
7
7
7
7
7
7
7
7
7
7
7
7
7
7
7
7
7
7
7
7
7
7
7
7
7
7
7
7
7
7
7
7
7
7
7
7
7
7
7
7
7
7
7
7
7
7
7
7
7
7
7
7
7
7
7
7
7
7
7
7
7
7
7
7
7
7
7
7
7
7
7
7
7
7
7
7
7
7
7
7
7
7
7
7
7
7
7
7
7
7
7
7
7
7
7
7
7
7
7
7
7
7
7
7
7
7
7
7
7
7
7
7
7
7
7
7
7
7
7
7
14
14
14
14
14
14
14
14
14
14
14
14
14
14
14
14
14
14
14
14
14
14
14
14
14
14
14
14
14
14
14
14
14
14
14
14
14
34
34
34
34
34
34
34
34
34
34
34
34
13
13
13
13
13
15
15
15
15
7
7
7
7
7
7
7
7
7
7
22
22
22
22
22
22
22
22
22
22
22
22
22
22
20
20
20
20
20
20
20
20
20
20
20
20
20
20
19
19
19
19
19
1
1
1
1
1
1
9
9
7
7
7
7
7
20
20
20
20
20
20
20
20
20
20
20
36
36
36
36
36
36
36
36
36
36
36
36
36
36
36
36
36
36
36
36
36
36
36
36
36
36
36
36
36
36
36
36
36
36
36
36
36
36
36
36
36
7
7
7
7
15
20
20
20
20
20
20
20
20
20
20
20
20
20
20
20
20
20
20
20
20
20
20
20
20
18
18
26
26
26
3
15
15
15
15
7
7
7
7
7
7
7
7
7
7
7
7
7
7
7
7
7
7
7
7
7
7
7
7
7
7
7
13
13
13
13
13
13
13
13
13
13
13
13
13
13
13
13
13
13
13
13
23
23
23
22
22
22
13
13
13
13
13
13
32
32
32
32
7
7
7
34
34
34
34
34
34
34
34
34
34
34
34
34
34
34
34
34
34
34
34
7
7
19
19
19
19
29
24
24
24
24
24
24
24
24
24
24
24
24
