10
10
10
10
10
10
10
28
28
28
28
28
28
28
28
28
28
28
28
18
18
18
18
18
18
18
18
18
18
18
18
18
18
18
18
18
18
18
18
18
18
18
18
18
18
18
18
18
18
18
18
18
18
18
18
18
18
18
18
18
18
18
18
18
18
18
18
18
18
18
18
18
18
18
18
18
18
18
13
18
18
18
18
18
18
18
18
18
18
18
18
18
18
18
18
18
18
18
18
8
8
17
17
17
18
18
18
18
18
18
18
18
18
18
18
18
28
28
28
28
28
28
28
28
28
28
28
28
28
28
28
28
28
28
28
28
28
28
28
28
28
28
28
28
38
38
18
18
18
18
18
18
18
18
18
18
18
18
18
18
18
18
18
18
18
18
18
18
18
18
18
18
18
18
18
35
35
35
35
35
33
33
33
33
33
33
33
33
33
33
33
33
33
33
33
33
33
33
33
33
33
33
33
33
33
33
33
33
33
33
33
33
33
33
33
33
33
33
33
33
33
33
33
33
33
33
33
33
33
33
33
33
33
33
33
33
33
33
33
33
33
33
33
33
33
33
33
33
33
33
33
33
33
33
33
33
33
33
33
33
18
18
18
18
18
18
18
18
18
18
18
18
11
11
11
11
11
11
11
11
18
18
18
18
18
18
18
18
22
22
22
22
22
22
22
22
22
22
22
22
22
22
22
22
22
22
22
22
22
22
22
22
22
22
22
22
22
22
22
22
22
22
22
22
22
18
18
29
29
29
8
8
8
8
8
8
8
8
12
12
12
12
12
12
12
12
12
12
12
12
12
12
12
12
12
12
12
12
12
12
12
12
12
12
16
16
16
16
31
31
31
11
11
18
18
18
18
18
18
18
5
5
5
5
5
28
28
28
28
28
28
28
28
28
28
28
28
28
28
28
28
28
28
28
28
28
28
28
28
28
28
28
28
28
28
28
28
28
28
28
28
28
28
28
28
28
28
28
28
28
28
28
28
28
28
28
28
4
4
18
18
18
18
18
18
18
18
18
8
8
8
18
0
0
0
0
0
0
27
27
27
27
27
27
27
27
27
27
27
27
27
27
27
27
27
27
27
27
27
27
27
27
27
27
27
22
22
22
11
11
11
11
11
11
30
30
30
30
30
30
30
30
30
29
39
39
39
26
26
26
26
2
2
2
2
36
36
36
36
36
21
21
21
21
21
21
21
21
21
6
26
26
26
15
15
15
15
15
15
33
33
22
22
22
22
22
22
11
11
11
11
11
14
14
14
14
14
14
13
13
13
13
13
13
13
13
13
7
7
7
7
7
7
7
7
7
7
7
7
7
7
35
35
7
7
18
18
18
18
18
18
18
18
18
18
18
18
37
37
25
12
12
12
12
12
12
13
32
32
32
32
32
32
32
32
32
32
32
32
32
32
32
32
32
32
9
9
9
9
9
9
9
9
9
9
3
3
3
12
12
12
12
12
12
12
12
12
12
12
12
9
9
9
9
9
9
9
9
9
9
9
9
9
9
9
9
9
9
9
9
9
9
9
9
9
9
9
9
9
9
9
9
9
9
9
9
9
9
9
9
9
9
9
7
7
7
7
7
7
7
7
7
7
37
37
37
37
37
37
37
37
37
37
37
37
37
37
37
37
37
37
37
11
11
11
11
11
11
11
11
11
11
11
11
11
11
11
11
11
11
11
11
11
11
11
35
7
7
7
7
7
7
7
7
7
7
7
7
7
7
7
7
7
7
7
7
7
7
7
7
7
7
7
7
9
9
9
9
9
11
11
11
11
11
11
11
11
11
11
11
11
11
11
11
9
9
9
9
9
9
9
9
9
9
9
9
9
9
9
9
9
9
9
9
9
9
9
9
9
9
9
9
9
9
9
9
9
9
9
9
9
9
9
9
9
9
9
9
9
9
9
9
9
9
9
9
9
9
9
9
9
9
9
9
13
13
13
13
13
13
13
13
13
13
13
13
13
13
13
34
34
34
34
34
34
34
34
34
34
34
38
7
7
7
7
7
7
7
7
7
7
7
7
7
7
7
7
7
7
7
7
7
7
7
7
7
7
7
7
7
7
7
7
7
7
7
7
7
7
7
7
7
7
7
7
7
7
7
7
7
7
7
7
7
7
7
7
7
7
7
7
7
7
7
7
7
7
7
7
7
7
7
7
7
7
7
7
7
7
7
7
7
7
7
7
7
7
7
7
7
7
7
7
7
7
7
7
7
7
7
7
7
7
7
7
7
7
7
7
7
7
7
7
7
7
7
7
7
7
7
7
7
7
7
7
7
7
7
7
7
7
7
7
7
7
7
7
7
7
7
7
7
7
7
7
7
7
7
7
7
7
7
7
7
7
7
7
7
7
7
7
7
7
7
7
7
7
7
7
7
7
7
7
7
7
7
7
7
7
7
7
7
7
7
7
7
7
7
7
7
7
7
7
7
7
7
7
7
7
7
7
7
7
7
7
7
7
7
7
7
7
7
7
7
7
7
7
7
7
7
7
7
7
7
7
7
7
7
7
7
7
7
7
7
7
7
7
7
7
7
7
7
7
7
7
7
7
7
7
7
7
7
7
7
7
7
7
7
7
7
7
7
7
7
7
7
7
7
7
7
7
7
7
7
7
7
7
7
7
7
7
7
7
7
7
7
7
7
7
7
7
7
7
7
7
7
7
7
7
7
7
7
7
7
7
7
14
14
14
14
14
14
14
14
14
14
14
14
14
14
14
14
14
14
14
14
14
14
14
14
14
14
14
14
14
14
14
14
14
14
14
14
14
33
33
33
33
33
33
33
33
33
33
33
33
13
13
13
13
13
15
15
15
15
7
7
7
7
7
7
7
7
7
7
22
22
22
22
22
22
22
22
22
22
22
22
22
22
20
20
20
20
20
20
20
20
20
20
20
20
20
20
18
18
18
18
18
1
1
1
1
1
1
9
9
7
7
7
7
7
20
20
20
20
20
20
20
20
20
20
20
35
35
35
35
35
35
35
35
35
35
35
35
35
35
35
35
35
35
35
35
35
35
35
35
35
35
35
35
35
35
35
35
35
35
35
35
35
35
35
35
35
7
7
7
7
15
20
20
20
20
20
20
20
20
20
20
20
20
20
20
20
20
20
20
20
20
20
20
20
20
19
19
26
26
26
3
15
15
15
15
7
7
7
7
7
7
7
7
7
7
7
7
7
7
7
7
7
7
7
7
7
7
7
7
7
7
7
13
13
13
13
13
13
13
13
13
13
13
13
13
13
13
13
13
13
13
13
23
23
23
22
22
22
13
13
13
13
13
13
32
32
32
32
7
7
7
33
33
33
33
33
33
33
33
33
33
33
33
33
33
33
33
33
33
33
33
7
7
18
18
18
18
29
24
24
24
24
24
24
24
24
24
24
24
24
