10
10
10
10
10
10
10
27
27
27
27
27
27
27
27
27
27
27
27
17
17
17
17
17
17
17
17
17
17
17
17
17
17
17
17
17
17
17
17
17
17
17
17
17
17
17
17
17
17
17
17
17
17
17
17
17
17
17
17
17
17
17
17
17
17
17
17
17
17
17
17
17
17
17
17
17
17
17
13
17
17
17
17
17
17
17
17
17
17
17
17
17
17
17
17
17
17
17
17
8
8
16
16
16
17
17
17
17
17
17
17
17
17
17
17
17
27
27
27
27
27
27
27
27
27
27
27
27
27
27
27
27
27
27
27
27
27
27
27
27
27
27
27
27
37
37
17
17
17
17
17
17
17
17
17
17
17
17
17
17
17
17
17
17
17
17
17
17
17
17
17
17
17
17
17
34
34
34
34
34
32
32
32
32
32
32
32
32
32
32
32
32
32
32
32
32
32
32
32
32
32
32
32
32
32
32
32
32
32
32
32
32
32
32
32
32
32
32
32
32
32
32
32
32
32
32
32
32
32
32
32
32
32
32
32
32
32
32
32
32
32
32
32
32
32
32
32
32
32
32
32
32
32
32
32
32
32
32
32
32
17
17
17
17
17
17
17
17
17
17
17
17
11
11
11
11
11
11
11
11
17
17
17
17
17
17
17
17
21
21
21
21
21
21
21
21
21
21
21
21
21
21
21
21
21
21
21
21
21
21
21
21
21
21
21
21
21
21
21
21
21
21
21
21
21
17
17
28
28
28
8
8
8
8
8
8
8
8
12
12
12
12
12
12
12
12
12
12
12
12
12
12
12
12
12
12
12
12
12
12
12
12
12
12
15
15
15
15
30
30
30
11
11
17
17
17
17
17
17
17
5
5
5
5
5
27
27
27
27
27
27
27
27
27
27
27
27
27
27
27
27
27
27
27
27
27
27
27
27
27
27
27
27
27
27
27
27
27
27
27
27
27
27
27
27
27
27
27
27
27
27
27
27
27
27
27
27
4
4
17
17
17
17
17
17
17
17
17
8
8
8
17
0
0
0
0
0
0
26
26
26
26
26
26
26
26
26
26
26
26
26
26
26
26
26
26
26
26
26
26
26
26
26
26
26
21
21
21
11
11
11
11
11
11
29
29
29
29
29
29
29
29
29
28
38
38
38
25
25
25
25
2
2
2
2
35
35
35
35
35
20
20
20
20
20
20
20
20
20
6
25
25
25
14
14
14
14
14
14
32
32
21
21
21
21
21
21
11
11
11
11
11
13
13
13
13
13
13
13
13
13
13
13
13
13
13
13
7
7
7
7
7
7
7
7
7
7
7
7
7
7
34
34
7
7
17
17
17
17
17
17
17
17
17
17
17
17
36
36
24
12
12
12
12
12
12
13
31
31
31
31
31
31
31
31
31
31
31
31
31
31
31
31
31
31
9
9
9
9
9
9
9
9
9
9
3
3
3
12
12
12
12
12
12
12
12
12
12
12
12
9
9
9
9
9
9
9
9
9
9
9
9
9
9
9
9
9
9
9
9
9
9
9
9
9
9
9
9
9
9
9
9
9
9
9
9
9
9
9
9
9
9
9
7
7
7
7
7
7
7
7
7
7
36
36
36
36
36
36
36
36
36
36
36
36
36
36
36
36
36
36
36
11
11
11
11
11
11
11
11
11
11
11
11
11
11
11
11
11
11
11
11
11
11
11
34
7
7
7
7
7
7
7
7
7
7
7
7
7
7
7
7
7
7
7
7
7
7
7
7
7
7
7
7
9
9
9
9
9
11
11
11
11
11
11
11
11
11
11
11
11
11
11
11
9
9
9
9
9
9
9
9
9
9
9
9
9
9
9
9
9
9
9
9
9
9
9
9
9
9
9
9
9
9
9
9
9
9
9
9
9
9
9
9
9
9
9
9
9
9
9
9
9
9
9
9
9
9
9
9
9
9
9
9
13
13
13
13
13
13
13
13
13
13
13
13
13
13
13
33
33
33
33
33
33
33
33
33
33
33
37
7
7
7
7
7
7
7
7
7
7
7
7
7
7
7
7
7
7
7
7
7
7
7
7
7
7
7
7
7
7
7
7
7
7
7
7
7
7
7
7
7
7
7
7
7
7
7
7
7
7
7
7
7
7
7
7
7
7
7
7
7
7
7
7
7
7
7
7
7
7
7
7
7
7
7
7
7
7
7
7
7
7
7
7
7
7
7
7
7
7
7
7
7
7
7
7
7
7
7
7
7
7
7
7
7
7
7
7
7
7
7
7
7
7
7
7
7
7
7
7
7
7
7
7
7
7
7
7
7
7
7
7
7
7
7
7
7
7
7
7
7
7
7
7
7
7
7
7
7
7
7
7
7
7
7
7
7
7
7
7
7
7
7
7
7
7
7
7
7
7
7
7
7
7
7
7
7
7
7
7
7
7
7
7
7
7
7
7
7
7
7
7
7
7
7
7
7
7
7
7
7
7
7
7
7
7
7
7
7
7
7
7
7
7
7
7
7
7
7
7
7
7
7
7
7
7
7
7
7
7
7
7
7
7
7
7
7
7
7
7
7
7
7
7
7
7
7
7
7
7
7
7
7
7
7
7
7
7
7
7
7
7
7
7
7
7
7
7
7
7
7
7
7
7
7
7
7
7
7
7
7
7
7
7
7
7
7
7
7
7
7
7
7
7
7
7
7
7
7
7
7
7
7
7
7
13
13
13
13
13
13
13
13
13
13
13
13
13
13
13
13
13
13
13
13
13
13
13
13
13
13
13
13
13
13
13
13
13
13
13
13
13
32
32
32
32
32
32
32
32
32
32
32
32
13
13
13
13
13
14
14
14
14
7
7
7
7
7
7
7
7
7
7
21
21
21
21
21
21
21
21
21
21
21
21
21
21
19
19
19
19
19
19
19
19
19
19
19
19
19
19
17
17
17
17
17
1
1
1
1
1
1
9
9
7
7
7
7
7
19
19
19
19
19
19
19
19
19
19
19
34
34
34
34
34
34
34
34
34
34
34
34
34
34
34
34
34
34
34
34
34
34
34
34
34
34
34
34
34
34
34
34
34
34
34
34
34
34
34
34
34
7
7
7
7
14
19
19
19
19
19
19
19
19
19
19
19
19
19
19
19
19
19
19
19
19
19
19
19
19
18
18
25
25
25
3
14
14
14
14
7
7
7
7
7
7
7
7
7
7
7
7
7
7
7
7
7
7
7
7
7
7
7
7
7
7
7
13
13
13
13
13
13
13
13
13
13
13
13
13
13
13
13
13
13
13
13
22
22
22
21
21
21
13
13
13
13
13
13
31
31
31
31
7
7
7
32
32
32
32
32
32
32
32
32
32
32
32
32
32
32
32
32
32
32
32
7
7
17
17
17
17
28
23
23
23
23
23
23
23
23
23
23
23
23
