0.37206574
0.37206574
0.37206574
0.37206574
0.37206574
0.37206574
0.37206574
0.37206574
0.37206574
-0.9958501
-1.4214393
0.58578241
-0.093207338
0.43000932
-0.56260352
-0.32910859
-0.61422423
-0.89217158
-0.75245833
-0.43254757
-0.71565164
-0.45991573
0.24677648
-1.3560228
-1.6304891
-0.89217158
-1.4971841
-1.2155884
-0.97428433
-1.2917701
-1.1241752
-1.5180642
-1.125275
-0.91823535
-1.2138368
-0.63260198
-1.1309077
-0.75034279
-0.70343708
-0.79115176
-1.0123248
-0.55055253
-0.76833289
-0.57129688
-0.89245919
-0.61426978
-0.39995256
-0.86222172
-0.4073438
-0.5160988
-0.61641536
-0.65281481
-0.47508627
-0.46769717
-0.7850244
-0.79143185
-1.0410345
-0.23265333
-0.76214698
-0.71306033
-0.63452883
-0.4119472
0.36676253
0.15219108
0.34708792
0.015883341
0.26502456
0.48734191
0.66049841
0.38823557
-0.23193295
0.06321444
0.63790141
0.041313698
0.85567623
0.79785883
0.026366094
0.29976111
0.67647093
-0.15709541
-0.064239047
0.58070264
0.54980226
0.47647102
0.48734191
0.66049841
0.06321444
0.29976111
-0.15709541
-0.88928739
-0.79980141
-0.57277317
-0.45936092
-0.077153694
-0.79011686
0.29942385
-0.15986967
-0.034825818
-0.71913005
-0.42232925
0.22149776
-0.39527943
-0.22513962
-0.47508627
-0.46769717
-0.7850244
-0.79143185
-1.0410345
-0.23265333
-0.76214698
-0.71306033
-0.63452883
-0.4119472
0.36676253
0.15219108
0.34708792
0.015883341
0.08050333
0.36366578
-0.32199785
-0.69478264
-0.91259476
-0.43170569
-1.1767901
-0.89055186
0.41544153
-0.013537601
-1.1784708
-0.37865832
-0.98133364
-1.1722212
-0.41229481
-0.0042240606
0.0036223443
-0.80804712
0.14248217
-0.89435614
-0.97286647
-1.2508488
-0.96325478
-0.86222172
-0.25550649
-0.22458337
-0.29144397
-0.88840014
-0.36715773
-0.23166163
-1.7813886
-0.56867432
-0.13184263
-0.034825818
-0.12105862
-0.69388755
-0.030575582
-0.60878905
-1.0502663
-0.82594223
-1.3002829
-0.30447653
-1.4538143
-0.89884556
-0.85916117
0.23095597
0.25963945
-0.3319352
0.72250077
0.44440941
0.34708792
-0.72241804
-0.72241804
-2.3637048
-0.81271734
-1.4842389
-1.7652125
-1.2632287
-1.9981075
-0.7840962
0.076813236
-1.0861911
-1.264497
-0.55203729
-0.92998454
-1.1708574
-1.6247819
-1.8615272
-0.31577758
-0.71445134
-0.99580729
-0.85796543
-0.98731799
-0.74362102
-0.62220183
-0.58050699
-0.65222341
-0.8158915
0.52153061
-0.10835643
-0.2839283
-0.88488393
-1.1403186
-1.2625248
-0.55934394
-0.47200452
-0.27971889
-1.0575449
-0.99580729
-0.66873456
-0.697973
0.078181657
-1.3824053
0.23652639
0.35137415
0.35137415
-0.30990364
-0.30990364
-1.0904122
-1.0904122
-0.62036892
-0.62036892
-0.75928036
-0.75928036
-1.1323921
-0.24082861
-0.99580729
0.17671033
-0.74362102
0.23652639
-1.1323921
-0.24082861
-0.99580729
0.17671033
-0.74362102
0.23652639
-0.56716816
-0.58689454
-0.57011352
-0.92322758
-0.37779729
-0.65535153
-1.30509
-0.81565353
-0.55209265
-0.64471653
-1.4438192
-1.103327
-0.43616289
-0.77149655
-1.4177169
-0.9799506
-0.9799502
-0.68065677
-0.78065762
-0.53998391
-0.35893194
-0.58018502
-0.93795987
-0.85258639
-0.64740559
-0.93438508
-0.75847567
-0.62698854
-1.091954
-0.47406591
-0.68065677
-0.78065762
-0.53998391
-0.35893194
-0.58018502
-0.93795987
-0.85258639
-0.64740559
-0.93438508
-0.75847567
-0.62698854
-1.091954
-0.47406591
-0.9986816
-0.99506611
-0.7884985
-0.54289053
-0.37105013
1.0616979
-0.59405601
-0.51758004
-0.76880627
1.0616979
-0.59405601
-0.51758004
-0.76880627
-1.091954
-0.76880627
-0.56227786
-0.6734743
-1.1335576
-1.0160448
-0.6034745
-0.35516475
0.0078885307
-0.47406591
-0.76880627
-0.56227786
-0.6734743
-1.1335576
-1.0160448
-0.6034745
-0.35516475
0.0078885307
-0.24567684
-0.59405601
-0.32868618
-0.59405601
-0.32868618
-0.51758004
-1.0491967
-1.7499514
-0.51758004
-1.0491967
-1.7499514
1.0616979
0.29313127
-0.78549041
-0.59405601
-0.6625718
-0.57582279
-0.80528727
-0.65164351
-0.75928036
-0.53728329
1.0616979
0.29313127
-0.58689454
-0.78549041
-0.59405601
-0.6625718
0.92984797
0.46644463
-0.57582279
-0.80528727
-0.65164351
-0.75928036
-0.53728329
-0.72241804
0.58888815
0.58888815
0.36025488
-1.0295148
-0.28234227
-0.47992466
-0.61826417
-0.43422374
-0.4402716
0.28345988
-0.71333024
-0.47567854
-0.71307301
-0.51024076
-1.0683705
-0.80056835
0.37781404
-0.6408825
-0.022641878
-0.14928597
-1.306122
-0.32177298
-1.0686171
-1.0758299
-0.5949286
-0.55088998
-0.8823582
-1.0019837
0.050836408
-0.040901906
0.21567584
-0.51559188
-0.86033457
-0.35360858
-0.4015457
-0.6591463
-0.78904335
-0.47032088
-0.61379303
-0.21705665
0.25561237
-0.28401608
-0.62561844
-0.72804237
-1.1865692
-0.2164426
-1.0306504
0.29640305
-1.3534284
0.046421388
-1.653286
-1.6099375
-0.077035946
0.095962486
-0.22499788
0.019191282
0.15064473
-0.20304162
-0.91399243
-0.17514004
-1.4676336
-0.51183426
-0.064251401
-0.78857552
-1.1908531
-0.65868609
-1.0184668
-1.2669048
-0.68344041
-1.2524277
-0.60468299
-0.51538218
-0.73920416
-0.73968216
0.23476626
-1.3338359
-0.91129886
0.26552297
-0.51751872
-1.0177016
-0.59315947
0.28186962
-1.1815301
-0.84236382
-0.67653224
-1.0708984
-0.25075374
-1.1422971
-1.5172838
-1.2299651
-1.0808739
-1.0054799
-0.90503741
-0.36717288
-0.78029519
-0.76430167
-0.27409142
0.048095706
-0.7651214
-0.56189889
-0.76430167
-0.27409142
0.048095706
-0.7651214
-0.56189889
-0.64161363
0.8269386
-0.20432724
-0.063129963
-0.82841954
-0.64161363
0.8269386
-0.20432724
-0.063129963
-0.82841954
0.8269386
0.8269386
0.8269386
0.8269386
0.8269386
0.15875876
0.15875876
0.15875876
-0.71588461
-0.71588461
-0.71588461
-1.1687837
-1.1687837
-1.0982705
-1.0982705
-1.0982705
-1.1926473
-1.1926473
-1.7243542
-1.1188987
-1.3141256
-1.4119456
-0.71158358
-0.92692261
-0.10534109
-0.23761861
-0.28210841
-0.98540213
-0.86123828
-0.10534109
-0.23761861
-0.28210841
-0.98540213
-0.86123828
-0.65182582
-0.07279827
0.41253062
-0.85360477
-1.7243542
-0.47165098
-0.23176851
-0.65182582
-0.07279827
0.41253062
-0.85360477
-1.7243542
-0.47165098
-0.23176851
-0.63249771
-0.58056795
-0.62170808
-0.48957075
-0.0054760754
-0.62669154
-1.0959272
-0.47333108
-0.88054401
-0.81531309
-0.19586032
-0.052542792
-0.93688357
-0.28581391
-0.47703399
-0.67141179
-0.33187632
-0.61623394
-0.48846033
-0.39541782
0.1399143
-0.27034998
-1.3141256
0.32747199
0.46624357
-0.92692261
0.22588123
-0.45893708
-0.78461648
-1.1188987
-0.60477022
-0.63987408
-1.3141256
-0.49011494
-0.053382546
-0.15365556
-0.022098077
-0.53344798
-0.15365556
-0.022098077
-0.53344798
-0.39173249
-0.39173249
-0.17347019
-0.83513328
-0.68723154
-0.57396384
-0.089805721
-0.86760673
-0.68942651
-0.86906186
-0.81914147
-1.4321262
-1.601307
-1.0708984
-0.4043351
-0.52100546
-0.4043351
-0.52100546
-0.93804155
-0.93804155
-0.93804155
-0.93804155
-0.63349962
-0.75819534
-0.5308089
-0.63349962
-0.75819534
-0.5308089
-0.63110198
-0.82441253
-0.71158358
-0.58588185
-0.35878101
-0.35878101
-0.58588185
-0.35878101
-0.58588185
-0.59638914
-0.53149983
-0.22078062
-0.54119446
-0.36124653
0.10171372
-0.13887161
-0.68338067
-0.37312781
-0.28106093
-0.72336408
-0.18018356
-0.046500153
-0.046500153
-0.046500153
-0.85780012
-0.92991616
-0.85780012
-0.92991616
-0.22828824
0.1387035
-0.22828824
0.1387035
-0.086368309
-0.078735584
0.11789431
-0.11013776
0.1993515
-0.42520568
-0.58557773
-0.37740812
-0.78107557
-0.052772988
-0.11212213
-0.063673613
-0.086368309
-0.078735584
0.11789431
-0.11013776
0.1993515
-0.42520568
-0.58557773
-0.37740812
-0.78107557
-0.052772988
-0.11212213
-0.05432877
-0.69213818
-0.21018153
-0.78029519
-0.47739836
-0.47739836
-0.68338067
-0.37312781
-0.046500153
0.10171372
-0.59638914
-0.13887161
-0.28106093
-0.68338067
-0.37312781
-0.046500153
0.10171372
-0.59638914
-0.13887161
-0.28106093
-0.68338067
-0.37312781
-0.046500153
0.10171372
-0.59638914
-0.13887161
-0.28106093
-0.052772988
-0.078735584
0.11789431
-0.095014905
-0.58557773
-0.052772988
-0.078735584
0.11789431
-0.095014905
-0.58557773
-0.052772988
-0.078735584
0.11789431
-0.095014905
-0.58557773
0.048095706
-0.7651214
-0.56189889
0.048095706
-0.7651214
-0.56189889
0.048095706
-0.7651214
-0.56189889
-0.64161363
0.048095706
-0.82841954
0.11789431
-0.82441253
0.31052302
-0.20432724
-0.64161363
0.048095706
-0.82841954
0.11789431
-0.82441253
0.31052302
-0.20432724
-0.10661609
0.24736116
-0.64520811
0.031335271
0.39689539
-0.3771141
-0.39724304
-0.39173249
0.33666599
0.1309858
0.15906628
-0.60921629
-0.64194133
-0.39018848
-0.46924545
-0.43152512
-0.64163669
0.41253062
0.76778596
0.75641964
0.74785343
0.55163993
0.63565898
0.54402631
0.64456449
0.72145264
0.73746437
0.62993193
0.16422602
0.25630064
0.57902544
0.60123917
0.53045617
0.34456923
-0.18304235
0.66317773
-0.82441253
-0.017795958
-0.22652867
-0.27592206
-0.92107318
-0.63115642
-0.95583346
-0.85646223
-1.2749091
-1.4119456
-1.0644898
-0.95045076
-0.67141179
-0.90641594
-0.92692261
-0.59904101
-0.31763774
-0.19586032
-0.27034998
-1.4119456
-1.0644898
-0.95045076
-0.67141179
-0.90641594
-0.92692261
-0.59904101
-0.31763774
-0.19586032
-0.27034998
-0.60147494
-0.57089483
-0.45182001
-0.81187703
-0.35558278
-0.85253246
-0.60147494
-0.57089483
-0.45182001
-0.81187703
-0.35558278
-0.85253246
-0.30487867
-1.2299651
-0.67653224
-0.82441253
-0.92107318
0.31052302
-0.82441253
-0.92107318
0.31052302
-0.59540853
-0.29098755
0.37354123
-0.06362214
-1.2431704
-0.59540853
-0.29098755
0.37354123
-0.06362214
-1.2431704
-0.84817468
-0.65182582
-0.89328505
-0.07279827
-1.7243542
-0.99688383
-0.69213818
-0.21018153
-1.2605425
-1.7236191
-0.64536448
-1.1754452
-1.5450806
-1.0288298
-1.5936617
-0.88308576
-1.0388237
-1.515815
-1.9475624
-1.2105181
-0.81551197
-1.1815301
-1.2094373
-1.3254979
-1.3698883
-0.85998901
-0.89920662
-0.58537151
-0.39273183
-0.66920838
-1.2185466
-0.74306589
-0.6278296
-0.080357469
-0.82576503
-0.39208194
-0.57629414
-0.63110198
-0.82441253
0.41253062
-0.55664316
-0.51751872
-0.44826051
-1.4725508
-0.88573639
-1.0518406
-1.1139613
-0.22313168
-1.373445
-0.93048614
0.050413074
-0.99358102
-1.2682445
-0.67654897
-0.37320959
-1.0886319
-0.82423327
0.27287667
-0.86387737
-1.9528282
-1.1106134
-1.0865837
-0.74434367
-0.68593834
-0.4869682
-0.50676887
-1.5884016
-0.55804493
-0.61808494
-0.12521969
-0.79510219
-1.1656387
-0.60863603
-0.87520808
-0.32700471
-0.085445227
-0.32824393
-0.71216282
-0.56920334
-0.60532625
-0.33899085
-0.04507771
-0.72472976
-0.54655369
-0.97034151
-0.096305721
-0.098175304
-0.28023174
-1.0924651
-1.1342081
-1.5949672
-1.1117497
-0.45005994
-1.1014091
-1.8889379
0.0083757196
-0.24276634
-0.184988
-0.67924777
-1.4384758
-1.6352052
-0.9346703
-0.86194339
-1.081542
-0.58027912
-0.51754728
-1.4144065
-1.0628735
-0.55156071
-0.9496767
-0.78028418
-0.75612354
-1.2684605
-1.304826
-0.6703906
-0.8464119
-0.81398834
-1.7121743
-0.76061289
-1.0080023
-1.0789002
-0.10361117
-1.5794298
-0.73504957
-0.025303687
-0.5031218
-0.37255046
0.17932208
-0.28988532
-0.51739992
-0.24340141
-0.69905081
-0.66846545
-0.28861491
-0.37727497
-0.18373078
-0.086106953
-0.95228163
-0.058279933
-0.66836106
-0.59464339
-0.29534146
-0.64355303
-0.23043687
-0.98963429
-1.0301382
-1.0992147
-0.835593
-0.77871571
-0.48251142
-0.442304
-0.63941027
-0.096257237
0.047000708
-0.82229128
-0.47484882
-0.13738898
-0.2833648
-0.35106587
-0.89396608
0.17372929
-0.25920072
-0.2696977
0.31360554
-0.19960868
-0.040711644
0.43756258
-0.26735809
-0.078856972
-0.68458873
-0.8898377
-0.63801784
-0.79661925
-0.68071147
-0.70364482
-0.64851314
-0.87053926
-0.80867676
-0.67348567
-0.17169636
-0.18917463
-0.27690287
0.16700492
-0.77871571
-0.18917463
-0.27690287
0.16700492
-0.77871571
-0.51571785
-0.4435963
-1.4485716
-1.0886432
-1.3180679
-1.4060259
-1.4060259
-0.80772339
-0.90791693
-0.88170672
-0.9169539
-0.15084396
-0.84730125
-0.28413331
-0.63164555
-0.65961031
-0.36694356
0.050413074
-0.37320959
-0.19960868
-0.89896821
-0.085445227
0.16700492
-0.19960868
-0.89896821
-0.085445227
-0.80862141
-0.43943617
-0.55242032
-0.53288608
-0.54327867
-0.75683612
-0.48886793
-1.0356635
-0.62183583
-0.61643864
-0.074282956
-1.1259754
-1.1773971
-1.1117497
-0.28023174
-1.1014091
-0.60863603
-0.37320959
-1.1106134
-0.45005994
-0.65961031
-0.28413331
-0.069485412
-0.64355303
-0.22313168
-0.20873296
0.12749634
-0.96549109
-0.27120876
-0.34651204
-0.51706319
-1.5248351
-1.4753742
-0.30265894
-1.6223095
-1.1626541
-1.2935268
-0.65750021
-1.0673609
-1.0050487
-0.71286611
-0.83417223
-1.4240988
-1.0317456
-0.2304819
-0.80307377
-1.1014091
-0.28023174
-1.8889379
-1.0924651
-1.2682445
0.12749634
-0.96549109
-0.27120876
-0.34651204
-0.51706319
-1.4753742
-0.30265894
-1.6223095
-1.1626541
-1.2935268
-0.65750021
-1.0673609
-1.0050487
-0.71286611
-0.47438414
-0.24263898
0.069737534
-0.0017029676
-0.90690934
-0.67212143
-0.34244071
-1.6202212
-0.89016181
-1.3007183
-1.1567935
-1.0258171
0.32037277
-0.59472159
0.65919989
-0.12701601
-1.7596861
0.36399424
-0.62690295
-0.52836738
-0.28644384
-0.71680814
-1.317822
-0.65808252
-0.53295713
-0.65974706
0.46414708
-0.16175207
-0.7358116
-1.0779963
-1.0801991
-0.6820212
-0.77447669
-0.95989283
-1.0214018
-0.7209998
-0.81604479
-0.7292951
-0.46205401
-0.22228538
-0.98470909
-0.84897536
-1.3488934
-0.36827825
0.21800824
0.47795422
-1.7012118
-0.50416815
-0.53092373
-0.82183039
-0.066563691
0.086778541
-0.032880844
0.34885609
-0.058424723
-0.060547176
-0.83795241
-0.48688142
-0.80285511
-1.1847055
-0.96127308
-1.2224109
-0.78599231
-0.5532741
-0.50397839
-0.04130278
0.28238656
-0.20280647
-0.68472754
-0.81424735
-0.79668659
-0.63100311
0.075929868
-0.44268608
-0.56820639
-0.21302616
-0.43612114
-0.41347265
-0.33112323
-0.61250689
-0.61817016
-0.61966273
0.097775807
-0.86811608
-1.1909495
-0.3253972
-1.2706143
-0.88067855
-1.011534
-0.85514788
-1.4572559
-1.0265213
-1.3977208
-1.8303309
-1.0587708
-1.4483635
-1.4167578
-0.33307617
-0.81760191
-1.003626
-0.68609381
-0.80776785
-1.362139
-0.73710605
-1.0086987
-1.1111017
-1.3894029
-1.2840338
-1.0529387
-1.0756195
-1.5357925
-0.94660357
-1.1214547
-1.2895649
-0.56563514
0.16540953
0.30528377
-0.30073678
-0.58875321
0.12677575
-0.70504986
-0.74466995
0.40775649
0.4958888
-0.023260819
-0.3508153
-0.14319846
-0.36178494
-1.3484014
-1.0364783
-1.6945266
-0.076414118
-0.76838612
-0.3253972
-1.2706143
-1.3390916
-1.3325693
-1.3162927
-1.4529997
-0.60584516
-0.45021547
-0.63917121
0.16559863
-0.98958426
-1.6142118
-1.1535157
-1.1986136
-0.68438445
-0.5426694
-0.024053449
-0.69239678
-0.81750094
-0.73915243
-1.4167578
-0.83648994
-0.74771674
0.11861182
-0.47512838
-0.90656333
0.069071584
-0.46451288
-0.23006826
-0.51703694
-0.40650933
-1.2741198
-0.78674697
-0.79546886
-1.5012493
-0.79796326
-1.2897472
-1.0037919
-0.69067885
-1.1861268
-1.1689821
-0.81734119
-0.16381704
-1.1280039
-1.8818289
-1.4552991
-1.1911767
-1.5064092
-1.2606344
-0.62859383
-0.91438594
-0.46343703
-0.27382448
-0.53900419
-0.73084724
-0.76414543
-0.77554613
-1.4447009
-1.5299329
-1.2859149
-0.1976358
-0.41547025
-0.43750979
0.23352645
-0.085901059
-1.3070867
-1.0776007
-1.4783093
-0.35267545
-0.35792773
-0.73683494
-0.55041579
-0.96194407
-0.78199061
-0.9052901
0.073549379
-0.033181982
-0.12449557
-0.96863747
-0.52128899
-0.61675753
-0.20991836
-0.86570457
-0.6763017
-0.53395037
-0.7177861
-0.79017091
-0.10541752
-1.1717694
-1.1813506
-1.6372762
-0.70504986
-0.74466995
-1.1909495
-0.3253972
-1.2706143
-1.2706143
-0.88067855
-1.011534
-0.85514788
-1.4572559
-1.0265213
-1.3977208
-1.8303309
-1.8303309
-1.0500274
-0.91271465
-0.51637133
-0.18733917
-1.4890883
-1.0500274
-0.91271465
-0.51637133
-0.18733917
-1.4890883
-1.0500274
-0.91271465
-0.51637133
-0.18733917
-0.51580819
-0.64267194
-0.15213026
0.061140258
-0.27690342
-0.51580819
-1.0700991
-0.64267194
-0.15213026
0.061140258
-0.27690342
-0.99200867
-0.88634743
-0.77682253
-1.392858
-1.1165981
-0.71822566
-0.035005386
-0.4263586
-0.99200867
-0.88634743
-0.77682253
-1.392858
-1.1165981
-0.71822566
-0.035005386
-0.4263586
-0.99200867
-0.88634743
-0.77682253
-1.392858
-1.1165981
-0.71822566
-0.035005386
-0.4263586
-0.94282363
-0.059794831
-1.1683746
-0.74466995
-0.023260819
-1.0364783
-0.076414118
-0.76838612
-0.45021547
-1.1909495
-0.3253972
-1.2706143
-0.88067855
-0.80776785
-0.68609381
-1.0265213
-1.3977208
-0.81760191
-1.1111017
-1.0086987
-1.6142118
-1.1986136
0.11861182
-0.36215523
-0.34092533
-1.3611257
-0.46699334
-0.13311897
0.45292679
-0.2676895
-0.95083403
-0.36215523
0.45292679
-1.7850519
-0.37415748
-1.0234455
-1.5647711
-0.35447092
-0.66972853
-0.50878847
-1.0649054
-0.86259036
-0.38111344
-0.69255536
-0.96250549
0.01020617
0.47189484
0.57859539
-0.48466052
-0.59475422
-0.58991715
-0.65293081
-0.72102956
-0.76617832
-0.34534141
-0.71382414
-0.94882241
-0.57846108
-0.79881141
-2.2037948
-0.85979292
0.21311856
-0.99270431
0.1490572
-0.781769
-1.1875707
-0.5117793
-1.0619243
-0.12483724
-1.0505362
-0.3354838
-0.098240069
-0.30516639
-1.0553915
-0.098240069
-0.30516639
-1.0553915
0.065744633
-0.44093895
-0.43832406
-0.78636422
-0.71395789
-0.63250204
-0.96640747
-0.74544312
-1.259481
-0.5184539
-0.90138443
-1.6032342
0.01285309
-0.51824869
-0.38635626
-0.48715932
-1.0093826
-1.3163133
-0.93816532
-1.8300129
-0.17037564
-0.41629148
-0.16894207
-0.70359195
-0.66767993
-0.86237423
-0.70356564
-1.0831304
-0.049032834
-0.53375877
-0.82850144
-0.31488457
-1.1164634
0.22351774
-0.87572352
-2.0808273
-0.6829302
-0.54253003
-1.7606666
-1.1396977
-0.64854873
-1.0388142
-0.48715932
0.033664432
-0.38987663
-0.45047228
-0.29465689
-0.37148907
0.011177674
0.083965595
-0.70409605
-0.80476737
-0.38987663
-0.3805984
-1.2138903
-1.226647
-1.0167388
-1.2510477
-0.99749195
-1.2144979
-1.2510477
-1.2144979
-1.2510477
