1
1
1
1
1
1
1
2
2
2
2
2
2
2
2
2
2
2
2
3
3
3
3
3
3
3
3
3
3
3
3
3
3
3
3
3
3
3
3
3
3
3
3
3
3
3
3
3
3
3
3
3
3
3
3
3
3
3
3
3
3
3
3
3
3
3
3
3
3
3
3
3
3
3
3
3
3
3
4
3
3
3
3
3
3
3
3
3
3
3
3
3
3
3
3
3
3
3
3
5
5
6
6
6
3
3
3
3
3
3
3
3
3
3
3
3
2
2
2
2
2
2
2
2
2
2
2
2
2
2
2
2
2
2
2
2
2
2
2
2
2
2
2
2
7
7
3
3
3
3
3
3
3
3
3
3
3
3
3
3
3
3
3
3
3
3
3
3
3
3
3
3
3
3
3
8
8
8
8
8
9
9
9
9
9
9
9
9
9
9
9
9
9
9
9
9
9
9
9
9
9
9
9
9
9
9
9
9
9
9
9
9
9
9
9
9
9
9
9
9
9
9
9
9
9
9
9
9
9
9
9
9
9
9
9
9
9
9
9
9
9
9
9
9
9
9
9
9
9
9
9
9
9
9
9
9
9
9
9
9
3
3
3
3
3
3
3
3
3
3
3
3
10
10
10
10
10
10
10
10
3
3
3
3
3
3
3
3
11
11
11
11
11
11
11
11
11
11
11
11
11
11
11
11
11
11
11
11
11
11
11
11
11
11
11
11
11
11
11
11
11
11
11
11
11
3
3
12
12
12
5
5
5
5
5
5
5
5
13
13
13
13
13
13
13
13
13
13
13
13
13
13
13
13
13
13
13
13
13
13
13
13
13
13
14
14
14
14
15
15
15
10
10
3
3
3
3
3
3
3
16
16
16
16
16
2
2
2
2
2
2
2
2
2
2
2
2
2
2
2
2
2
2
2
2
2
2
2
2
2
2
2
2
2
2
2
2
2
2
2
2
2
2
2
2
2
2
2
2
2
2
2
2
2
2
2
2
17
17
3
3
3
3
3
3
3
3
3
5
5
5
3
18
18
18
18
18
18
19
19
19
19
19
19
19
19
19
19
19
19
19
19
19
19
19
19
19
19
19
19
19
19
19
19
19
11
11
11
10
10
10
10
10
10
20
20
20
20
20
20
20
20
20
12
21
21
21
22
22
22
22
23
23
23
23
24
24
24
24
24
25
25
25
25
25
25
25
25
25
26
22
22
22
27
27
27
27
27
27
9
9
11
11
11
28
11
11
10
10
10
10
10
29
29
29
29
29
29
4
4
4
4
4
4
4
4
4
30
30
30
30
30
30
30
30
30
30
30
30
30
30
8
8
30
30
3
3
3
3
3
3
3
3
3
3
3
3
31
31
32
13
13
13
13
13
13
4
33
33
33
33
33
33
33
33
33
33
33
33
33
33
34
34
34
33
35
35
35
35
35
35
35
35
35
35
36
36
36
13
13
13
13
13
13
13
13
13
13
13
13
35
35
35
35
35
35
35
35
35
35
35
35
35
35
35
35
35
35
35
35
35
35
35
35
35
35
35
35
35
35
35
35
35
35
35
35
35
35
35
35
35
35
35
30
30
30
30
30
30
30
30
30
30
31
31
31
31
31
31
31
31
31
31
31
31
31
31
31
31
31
31
31
10
10
10
10
10
10
10
10
10
10
10
10
10
10
10
10
10
10
10
10
10
10
10
8
30
30
30
30
30
30
30
30
30
30
30
30
30
30
30
30
30
30
30
30
30
30
30
30
30
30
30
30
35
35
35
35
35
10
10
10
10
10
10
10
10
10
10
10
10
10
10
10
35
35
35
35
35
35
35
35
35
35
35
35
35
35
35
35
35
35
35
35
35
35
35
35
35
35
35
35
35
35
35
35
35
35
35
35
35
35
35
35
35
35
35
35
35
35
35
35
35
35
35
35
35
35
35
35
35
35
35
35
4
4
4
4
4
4
4
4
4
4
4
4
4
4
4
37
37
37
37
37
37
37
37
37
37
37
7
30
30
30
30
30
30
30
30
30
30
30
30
30
30
30
30
30
30
30
30
30
30
30
30
30
30
30
30
30
30
30
30
30
30
30
30
30
30
30
30
30
30
30
30
30
30
30
30
30
30
30
30
30
30
30
30
30
30
30
30
30
30
30
30
30
30
30
30
30
30
30
30
30
30
30
30
30
30
30
30
30
30
30
30
30
30
30
30
30
30
30
30
30
30
30
30
30
30
30
30
30
30
30
30
30
30
30
30
30
30
30
30
30
30
30
30
30
30
30
30
30
30
30
30
30
30
30
30
30
30
30
30
30
30
30
30
30
30
30
30
30
30
30
30
30
30
30
30
30
30
30
30
30
30
30
30
30
30
30
30
30
30
30
30
30
30
30
30
30
30
30
30
30
30
30
30
30
30
30
30
30
30
30
30
30
30
30
30
30
30
30
30
30
30
30
30
30
30
30
30
30
30
30
30
30
30
30
30
30
30
30
30
30
30
30
30
30
30
30
30
30
30
30
30
30
30
30
30
30
30
30
30
30
30
30
30
30
30
30
30
30
30
30
30
30
30
30
30
30
30
30
30
30
30
30
30
30
30
30
30
30
30
30
30
30
30
30
30
30
30
30
30
30
30
30
30
30
30
30
30
30
30
30
30
30
30
30
30
30
30
30
30
30
30
30
30
30
30
30
30
30
30
30
30
30
29
29
29
29
29
29
29
29
29
29
29
29
29
29
29
29
29
29
29
29
29
29
29
29
29
29
29
29
29
29
29
29
29
29
29
29
29
9
9
9
9
9
9
9
9
9
9
9
9
4
4
4
4
4
27
27
27
27
30
30
30
30
30
30
30
30
30
30
11
11
11
11
11
11
11
11
11
11
11
11
11
11
38
38
38
38
38
38
38
38
38
38
38
38
38
38
3
3
3
3
3
39
39
39
39
39
39
35
35
30
30
30
30
30
38
38
38
38
38
38
38
38
38
38
38
8
8
8
8
8
8
8
8
8
8
8
8
8
8
8
8
8
8
8
8
8
8
8
8
8
8
8
8
8
8
8
8
8
8
8
8
8
8
8
8
8
30
30
30
30
27
38
38
38
38
38
38
38
38
38
38
38
38
38
38
38
38
38
38
38
38
38
38
38
38
40
40
22
22
22
36
27
27
27
27
30
30
30
30
30
30
30
30
30
30
30
30
30
30
30
30
30
30
30
30
30
30
30
30
30
30
30
4
4
4
4
4
4
4
4
4
4
4
4
4
4
4
4
4
4
4
4
41
41
41
11
11
11
4
4
4
4
4
4
34
34
34
34
30
30
30
9
9
9
9
9
9
9
9
9
9
9
9
9
9
9
9
9
9
9
9
30
30
3
3
3
3
12
42
42
42
42
42
42
42
42
42
42
42
42
