0
1
1
1
2
2
2
2
3
4
2
2
2
2
2
2
2
1
1
1
1
1
1
1
5
5
2
6
6
6
6
6
6
2
2
7
7
7
7
7
7
7
8
8
9
9
9
9
10
10
10
11
11
1
1
1
12
2
3
13
14
14
14
14
15
15
15
15
15
8
16
16
17
18
19
19
6
6
7
7
11
11
11
20
21
21
21
21
21
21
22
2
23
24
25
25
25
25
26
26
26
25
27
27
27
27
27
27
27
24
24
24
24
24
24
27
27
27
27
27
27
27
27
27
27
27
27
27
27
27
27
27
27
27
27
27
27
27
27
22
22
22
22
22
22
22
22
28
28
28
28
28
28
28
28
28
28
28
28
11
11
11
22
22
22
22
22
22
22
22
22
22
22
22
27
11
11
11
11
27
27
27
27
27
27
27
27
27
27
27
27
27
27
27
27
27
27
27
27
27
27
27
27
27
27
27
27
27
27
27
27
27
27
27
27
27
27
27
27
27
27
27
27
27
27
27
27
27
27
21
29
29
29
29
29
29
29
29
29
29
5
22
22
22
22
22
22
22
22
22
22
22
22
22
22
22
22
22
22
22
22
22
22
22
22
22
22
22
22
22
22
22
22
22
22
22
22
22
22
22
22
22
22
22
22
22
22
22
22
22
22
22
22
22
22
22
22
22
22
22
22
22
22
22
22
22
22
22
22
22
22
22
22
22
22
22
22
22
22
22
22
22
22
22
22
22
22
22
22
22
22
22
20
20
20
20
20
20
20
20
20
20
20
20
20
20
20
20
6
21
21
22
22
22
7
7
7
30
30
31
31
31
31
31
31
27
22
32
32
22
30
30
30
30
30
30
30
30
30
30
30
30
33
22
22
21
21
26
22
22
6
6
6
8
34
34
34
34
34
34
34
0
0
0
0
0
0
1
1
1
1
1
1
1
1
1
2
2
2
2
2
2
2
2
2
2
2
2
2
2
2
2
2
2
2
2
2
2
2
2
2
2
2
2
2
2
2
2
2
2
2
2
2
2
2
2
2
2
2
2
2
2
2
2
2
2
2
2
2
2
2
2
21
2
2
2
2
2
2
2
2
2
2
2
2
2
2
2
2
2
2
2
3
4
4
2
2
2
2
2
1
1
1
1
1
1
1
1
1
1
1
1
1
1
1
1
1
1
1
1
1
2
2
2
2
2
2
2
2
2
2
2
2
2
2
2
2
2
2
2
2
2
2
2
2
2
2
2
2
32
32
32
32
32
6
6
6
6
6
6
6
6
6
6
6
6
6
6
6
6
6
6
6
6
6
6
6
6
6
6
6
6
6
6
6
6
6
6
6
6
6
6
6
6
6
6
6
6
6
6
6
6
6
6
6
6
6
6
6
6
6
6
6
6
6
6
6
6
6
6
6
6
6
6
6
6
6
6
2
2
2
2
2
2
2
2
2
2
2
11
11
11
11
11
11
11
11
2
2
2
2
2
2
2
7
7
7
7
7
7
7
7
7
7
7
7
7
7
7
7
7
7
7
7
7
7
7
7
7
7
7
7
7
7
2
2
8
3
3
3
3
3
3
3
3
24
24
24
24
24
24
24
24
24
24
24
24
24
24
24
24
24
24
24
24
24
24
24
24
24
24
2
2
2
2
2
2
2
35
35
35
35
35
1
1
1
1
1
1
1
1
1
1
1
1
1
1
1
1
1
1
1
1
1
1
1
1
1
1
1
1
1
1
1
1
1
1
1
1
1
1
1
1
1
1
1
1
1
1
1
1
1
12
2
2
2
2
2
2
2
2
3
3
2
13
13
13
13
13
14
14
14
14
14
14
14
14
14
14
14
14
14
14
14
14
14
14
14
14
14
14
14
7
7
7
11
11
11
11
11
11
15
15
15
15
16
33
33
33
33
36
36
36
36
17
17
17
17
37
37
37
37
37
37
37
37
37
33
33
33
19
19
19
19
7
7
7
7
11
11
20
20
20
20
20
21
21
21
22
22
22
22
22
22
22
22
22
22
22
22
22
32
32
22
22
2
2
2
2
2
2
2
2
2
2
2
28
28
24
24
24
24
24
21
25
25
25
25
25
25
25
25
25
25
27
27
27
38
38
38
24
24
24
24
24
24
27
27
27
27
27
27
27
27
27
27
27
27
27
27
27
27
27
27
27
22
22
28
28
28
28
28
28
28
11
11
11
11
11
11
11
11
11
11
11
11
11
11
11
11
11
11
11
11
32
22
22
22
22
22
22
22
22
22
22
22
22
22
22
22
22
27
27
27
27
11
11
11
11
11
11
11
11
11
11
11
27
27
27
27
27
27
27
27
27
27
21
21
21
21
21
21
21
21
21
21
21
21
21
21
29
22
22
22
22
22
22
22
22
22
22
22
22
22
22
22
22
22
22
22
22
22
22
22
22
22
22
22
22
22
22
22
22
22
22
22
22
22
22
22
22
22
22
22
22
22
22
22
22
22
22
22
22
22
22
22
22
22
22
22
22
22
22
22
22
22
22
22
22
22
22
22
22
22
22
22
22
22
22
22
22
22
22
22
22
22
22
22
22
22
22
22
22
22
22
22
22
22
22
22
22
22
22
22
22
22
22
22
22
22
22
22
22
22
22
22
22
22
22
22
22
22
22
22
22
22
22
22
22
22
22
22
22
22
22
22
22
22
22
22
22
22
22
22
22
22
22
22
22
22
22
22
22
22
22
22
22
22
22
22
22
22
22
22
22
22
22
22
22
22
22
22
22
22
22
22
22
22
22
22
22
22
22
22
22
22
22
22
22
22
22
22
22
22
22
22
22
22
22
22
22
22
22
22
22
22
22
22
22
22
22
22
22
22
22
20
20
20
20
20
20
20
20
20
20
20
20
20
20
20
20
20
20
20
20
20
6
6
6
6
6
6
6
6
6
6
6
21
21
21
19
19
19
19
22
22
22
22
22
22
22
7
7
7
7
7
7
7
7
7
7
7
30
30
30
30
30
30
30
30
30
30
30
30
2
2
2
2
2
27
22
22
22
22
30
30
30
30
30
30
30
30
30
30
30
32
32
32
32
32
32
32
32
32
32
32
32
32
32
32
32
32
32
32
32
32
32
32
32
32
32
32
32
32
32
32
32
32
32
32
32
32
32
32
22
22
22
19
30
30
30
30
30
30
30
30
30
30
30
30
39
39
33
33
38
19
19
19
19
22
22
22
22
22
22
22
22
22
22
22
22
22
22
22
22
22
22
22
22
22
22
22
22
22
21
21
21
21
21
21
21
21
21
21
21
21
21
21
21
21
21
21
40
40
40
7
7
7
21
21
21
21
21
21
26
26
26
22
6
6
6
6
6
6
6
6
6
6
6
6
6
6
6
6
6
22
22
2
2
2
2
34
34
34
34
34
