0
1
1
1
2
2
2
2
3
4
2
2
2
2
2
2
2
1
1
1
1
1
1
1
5
5
2
6
6
6
6
6
6
2
2
7
7
7
7
7
7
7
8
8
9
9
9
9
10
10
10
11
11
1
1
1
12
2
3
13
14
14
14
14
15
15
15
15
15
8
16
16
17
18
19
19
6
6
7
20
11
11
11
21
22
22
22
22
22
22
23
2
24
25
26
26
26
26
27
27
27
26
28
28
28
28
28
28
28
25
25
25
25
25
25
28
28
28
28
28
28
28
28
28
28
28
28
28
28
28
28
28
28
28
28
28
28
28
28
23
23
23
23
23
23
23
23
29
29
29
29
29
29
29
29
29
29
29
29
11
11
11
23
23
23
23
23
23
23
23
23
23
23
23
28
11
11
11
11
28
28
28
28
28
28
28
28
28
28
28
28
28
28
28
28
28
28
28
28
28
28
28
28
28
28
28
28
28
28
28
28
28
28
28
28
28
28
28
28
28
28
28
28
28
28
28
28
28
28
22
30
30
30
30
30
30
30
30
30
30
5
23
23
23
23
23
23
23
23
23
23
23
23
23
23
23
23
23
23
23
23
23
23
23
23
23
23
23
23
23
23
23
23
23
23
23
23
23
23
23
23
23
23
23
23
23
23
23
23
23
23
23
23
23
23
23
23
23
23
23
23
23
23
23
23
23
23
23
23
23
23
23
23
23
23
23
23
23
23
23
23
23
23
23
23
23
23
23
23
23
23
23
21
21
21
21
21
21
21
21
21
21
21
21
21
21
21
21
6
22
22
23
23
23
7
7
7
31
31
32
32
32
32
32
32
28
23
33
33
23
31
31
31
31
31
31
31
31
31
31
31
31
34
23
23
22
22
27
23
23
6
6
6
8
35
35
35
35
35
35
35
0
0
0
0
0
0
1
1
1
1
1
1
1
1
1
2
2
2
2
2
2
2
2
2
2
2
2
2
2
2
2
2
2
2
2
2
2
2
2
2
2
2
2
2
2
2
2
2
2
2
2
2
2
2
2
2
2
2
2
2
2
2
2
2
2
2
2
2
2
2
2
22
2
2
2
2
2
2
2
2
2
2
2
2
2
2
2
2
2
2
2
3
4
4
2
2
2
2
2
1
1
1
1
1
1
1
1
1
1
1
1
1
1
1
1
1
1
1
1
1
2
2
2
2
2
2
2
2
2
2
2
2
2
2
2
2
2
2
2
2
2
2
2
2
2
2
2
2
33
33
33
33
33
6
6
6
6
6
6
6
6
6
6
6
6
6
6
6
6
6
6
6
6
6
6
6
6
6
6
6
6
6
6
6
6
6
6
6
6
6
6
6
6
6
6
6
6
6
6
6
6
6
6
6
6
6
6
6
6
6
6
6
6
6
6
6
6
6
6
6
6
6
6
6
6
6
6
2
2
2
2
2
2
2
2
2
2
2
11
11
11
11
11
11
11
11
2
2
2
2
2
2
2
7
7
7
7
7
7
7
7
7
7
7
7
7
7
7
7
7
7
7
7
7
7
7
7
7
7
7
7
7
7
2
2
8
3
3
3
3
3
3
3
3
25
25
25
25
25
25
25
25
25
25
25
25
25
25
25
25
25
25
25
25
25
25
25
25
25
25
2
2
2
2
2
2
2
36
36
36
36
36
1
1
1
1
1
1
1
1
1
1
1
1
1
1
1
1
1
1
1
1
1
1
1
1
1
1
1
1
1
1
1
1
1
1
1
1
1
1
1
1
1
1
1
1
1
1
1
1
1
12
2
2
2
2
2
2
2
2
3
3
2
13
13
13
13
13
14
14
14
14
14
14
14
14
14
14
14
14
14
14
14
14
14
14
14
14
14
14
14
7
7
7
11
11
11
11
11
11
15
15
15
15
16
34
34
34
34
37
37
37
37
17
17
17
17
38
38
38
38
38
38
38
38
38
34
34
34
19
19
19
19
7
7
7
7
11
11
21
21
21
21
21
22
22
22
23
23
23
23
23
23
23
23
23
23
23
23
23
33
33
23
23
2
2
2
2
2
2
2
2
2
2
2
29
29
25
25
25
25
25
22
26
26
26
26
26
26
26
26
26
26
28
28
28
39
39
39
25
25
25
25
25
25
28
28
28
28
28
28
28
28
28
28
28
28
28
28
28
28
28
28
28
23
23
29
29
29
29
29
29
29
11
11
11
11
11
11
11
11
11
11
11
11
11
11
11
11
11
11
11
11
33
23
23
23
23
23
23
23
23
23
23
23
23
23
23
23
23
28
28
28
28
11
11
11
11
11
11
11
11
11
11
11
28
28
28
28
28
28
28
28
28
28
22
22
22
22
22
22
22
22
22
22
22
22
22
22
30
23
23
23
23
23
23
23
23
23
23
23
23
23
23
23
23
23
23
23
23
23
23
23
23
23
23
23
23
23
23
23
23
23
23
23
23
23
23
23
23
23
23
23
23
23
23
23
23
23
23
23
23
23
23
23
23
23
23
23
23
23
23
23
23
23
23
23
23
23
23
23
23
23
23
23
23
23
23
23
23
23
23
23
23
23
23
23
23
23
23
23
23
23
23
23
23
23
23
23
23
23
23
23
23
23
23
23
23
23
23
23
23
23
23
23
23
23
23
23
23
23
23
23
23
23
23
23
23
23
23
23
23
23
23
23
23
23
23
23
23
23
23
23
23
23
23
23
23
23
23
23
23
23
23
23
23
23
23
23
23
23
23
23
23
23
23
23
23
23
23
23
23
23
23
23
23
23
23
23
23
23
23
23
23
23
23
23
23
23
23
23
23
23
23
23
23
23
23
23
23
23
23
23
23
23
23
23
23
23
23
23
23
23
23
21
21
21
21
21
21
21
21
21
21
21
21
21
21
21
21
21
21
21
21
21
6
6
6
6
6
6
6
6
6
6
6
22
22
22
19
19
19
19
23
23
23
23
23
23
23
7
7
7
7
7
7
7
7
7
7
7
31
31
31
31
31
31
31
31
31
31
31
31
2
2
2
2
2
28
23
23
23
23
31
31
31
31
31
31
31
31
31
31
31
33
33
33
33
33
33
33
33
33
33
33
33
33
33
33
33
33
33
33
33
33
33
33
33
33
33
33
33
33
33
33
33
33
33
33
33
33
33
33
23
23
23
19
31
31
31
31
31
31
31
31
31
31
31
31
40
40
34
34
39
19
19
19
19
23
23
23
23
23
23
23
23
23
23
23
23
23
23
23
23
23
23
23
23
23
23
23
23
23
22
22
22
22
22
22
22
22
22
22
22
22
22
22
22
22
22
22
41
41
41
7
7
7
22
22
22
22
22
22
27
27
27
23
6
6
6
6
6
6
6
6
6
6
6
6
6
6
6
6
6
23
23
2
2
2
2
35
35
35
35
35
